0 0.7703125 0.7109375 0.06171875 0.09375
0 0.6296875 0.515625 0.04140625 0.07578125
0 0.66875 0.60859375 0.040625 0.08515625
0 0.6328125 0.40625 0.0359375 0.07109375
0 0.8546875 0.81953125 0.07421875 0.1109375
0 0.6328125 0.31484375 0.03984375 0.06640625
0 0.76953125 0.05703125 0.04453125 0.0546875
0 0.6296875 0.2515625 0.04453125 0.05859375
0 0.725 0.10078125 0.04453125 0.04921875
0 0.67421875 0.13671875 0.04765625 0.05
0 0.63984375 0.18671875 0.05546875 0.053125
0 0.821875 0.0234375 0.04453125 0.04609375