0 0.64375 0.3515625 0.04765625 0.0703125
0 0.265625 0.49375 0.06328125 0.06953125
0 0.71484375 0.2640625 0.053125 0.0609375
0 0.5140625 0.4359375 0.05390625 0.07578125
0 0.803125 0.2 0.05234375 0.05546875
0 0.4640625 0.41875 0.05703125 0.0796875
0 0.90859375 0.1703125 0.0515625 0.0515625
0 0.14609375 0.33515625 0.05859375 0.06640625
0 0.225 0.41171875 0.0640625 0.06953125
0 0.3546875 0.3984375 0.0578125 0.06796875
0 0.83125 0.1640625 0.0515625 0.04609375
0 0.9484375 0.14921875 0.05078125 0.06328125